23 0.13903133903133905 0.391025641025641 0.14131054131054133 0.35641025641025637
23 0.43304843304843305 0.33974358974358976 0.07293447293447293 0.13076923076923072
23 0.4284900284900285 0.5376410459860778 0.06381766381766382 0.08553850222856575
23 0.0433048433048433 0.3717948717948718 0.06837606837606837 0.14871794871794874
27 0.3829059829059829 0.0628205128205128 0.4376068376068376 0.11025641025641024
27 0.8091168091168092 0.09102564102564102 0.3236467236467236 0.1564102564102564
10 0.9125356125356126 0.4256410256410257 0.17492877492877482 0.06666666666666664
18 0.7384615384615384 0.3846153846153846 0.08205128205128219 0.10769230769230774
18 0.8227920227920228 0.39230769230769225 0.10484330484330485 0.12820512820512825
27 0.26666666666666666 0.35 0.10484330484330485 0.04871794871794883
27 0.3851851851851852 0.36153846153846153 0.07749287749287745 0.020512820512820582
10 0.3190883190883191 0.41025641025641024 0.2005698005698006 0.056410256410256425
0 0.5022792022792023 0.3743589743589743 0.9954415954415954 0.3794871794871794
