4 0.1288135593220339 0.45047080979284376 0.12203389830508474 0.1175141242937854
4 0.2661016949152542 0.536346516007533 0.13220338983050844 0.14463276836158193
4 0.33220338983050846 0.41129943502824856 0.054237288135593184 0.08738229755178907
4 0.3923728813559322 0.3992467043314501 0.04576271186440678 0.09943502824858762
4 0.4457627118644068 0.37664783427495296 0.047457627118644014 0.06026365348399253
4 0.3991525423728814 0.5001883239171374 0.07627118644067793 0.12655367231638415
4 0.547457627118644 0.4218455743879473 0.04745762711864408 0.10244821092278712
4 0.6059322033898304 0.41581920903954794 0.05593220338983052 0.08436911487758941
17 0.11101694915254236 0.6222222222222223 0.1203389830508474 0.19585687382297537
17 0.25084745762711863 0.4384180790960452 0.08135593220338987 0.10546139359698685
17 0.46949152542372885 0.4564971751412429 0.044067796610169484 0.07532956685499066
17 0.5101694915254238 0.4354048964218456 0.03728813559322035 0.11751412429378533
12 0.5745762711864405 0.7131600992378765 0.4711864406779657 0.5645499536546613
27 0.1228813559322034 0.1822975517890772 0.23898305084745763 0.3525423728813559
17 0.8686440677966101 0.5152542372881356 0.09661016949152554 0.31939736346516
4 0.05593220338983051 0.45951035781544264 0.11186440677966102 0.09943502824858762
