17 0.597457627118644 0.7412429378531072 0.1745762711864407 0.34350282485875694
17 0.48983050847457626 0.5981167608286252 0.10508474576271183 0.16572504708097932
17 0.7838983050847458 0.4670433145009416 0.12033898305084748 0.2531073446327683
17 0.8186440677966103 0.33898305084745756 0.09152542372881356 0.15969868173258003
17 0.902542372881356 0.22297551789077213 0.1067796610169492 0.16271186440677965
17 0.4389830508474576 0.9218455743879472 0.223728813559322 0.15630885122410546
4 0.36115390061978503 0.8008715688346666 0.1407251936429742 0.20836193793065938
4 0.36115390061978503 0.8008715688346666 0.1407251936429742 0.20836193793065938
4 0.594954265211096 0.5026048867224826 0.08393105119375929 0.12052730696798526
4 0.6673821657925678 0.41061396647544685 0.05423728813559321 0.12655367231638454
4 0.8330048313581498 0.9239501333929299 0.20159919769075293 0.3073341818883122
