23 0.25982905982905985 0.3205128205128205 0.14586894586894586 0.48205128205128206
10 0.49686609686609684 0.5269230769230769 0.30085470085470084 0.09999999999999992
9 0.815954415954416 0.3551282051282051 0.045584045584045614 0.10512820512820512
27 0.7111111111111111 0.36282051282051286 0.11851851851851848 0.05897435897435905
27 0.5971509971509971 0.36666666666666664 0.06381766381766382 0.030769230769230802
18 0.5150997150997151 0.4 0.10940170940170937 0.13333333333333336
27 0.3851851851851852 0.36153846153846153 0.08660968660968664 0.056410256410256494
9 0.14131054131054133 0.3653846153846153 0.07293447293447293 0.06410256410256415
27 0.045584045584045586 0.36153846153846153 0.09116809116809117 0.061538461538461604
0 0.5113960113960114 0.30128205128205127 0.9772079772079771 0.5051282051282051
